# Taillard PFSP instance ta031 (50 jobs, 5 machines)
# Optimal makespan: 2724
50 5
72 64 35 58 74
98 14 62 83 60
19 75 14 35 80
60 41 68 91 37
19 88 81 95 54
53 50 57 85 30
54 63 11 90 15
32 91 57 87 74
51 15 95 62 59
21 38 70 88 54
90 50 22 84 74
94 57 62 28 63
32 19 87 65 75
42 14 41 95 15
47 92 61 95 55
16 71 14 78 44
78 37 60 59 16
57 84 84 28 21
90 74 16 89 12
41 36 55 62 11
55 78 81 63 39
72 12 69 49 62
64 57 12 91 51
53 15 31 82 31
94 47 56 87 61
71 86 77 19 51
54 91 21 50 68
19 34 96 66 87
50 82 89 23 98
67 32 33 30 73
68 24 97 22 23
45 74 84 50 12
28 38 64 61 48
86 36 50 37 14
91 27 67 43 97
64 15 11 82 16
67 49 24 57 59
16 45 38 75 68
49 48 87 49 78
79 66 89 73 81
67 97 63 13 87
86 91 69 73 43
83 91 98 50 94
11 56 15 31 87
62 57 48 75 95
58 24 42 83 33
55 15 47 93 21
41 20 66 26 71
83 83 23 97 34
90 13 89 89 51
