# Taillard PFSP instance ta051 (50 jobs, 10 machines)
# Optimal makespan: 3847
50 10
72 64 35 58 74 21 88 45 93 16
98 14 62 83 60 37 54 91 28 75
19 75 14 35 80 57 24 71 48 95
60 41 68 91 37 84 51 18 65 32
19 88 81 95 54 21 68 35 82 49
53 50 57 85 30 77 44 11 58 25
54 63 11 90 15 62 39 86 33 70
32 91 57 87 74 41 18 65 22 79
51 15 95 62 59 26 73 40 87 14
21 38 70 88 54 31 78 45 92 29
90 50 22 84 74 61 28 75 42 89
94 57 62 28 63 20 67 34 81 48
32 19 87 65 75 52 29 76 43 90
42 14 41 95 15 72 49 16 83 50
47 92 61 95 55 32 79 46 13 60
16 71 14 78 44 91 58 25 72 39
78 37 60 59 16 73 50 27 84 51
57 84 84 28 21 68 45 22 89 56
90 74 16 89 12 59 36 93 70 47
41 36 55 62 11 58 35 12 79 56
55 78 81 63 39 16 93 70 47 24
72 12 69 49 62 39 86 63 40 17
64 57 12 91 51 28 75 52 29 96
53 15 31 82 31 78 55 32 99 76
94 47 56 87 61 38 85 62 39 16
71 86 77 19 51 28 95 72 49 26
54 91 21 50 68 45 22 99 76 53
19 34 96 66 87 64 41 18 85 62
50 82 89 23 98 75 52 29 96 73
67 32 33 30 73 50 27 94 71 48
68 24 97 22 23 90 67 44 21 88
45 74 84 50 12 89 66 43 20 87
28 38 64 61 48 25 92 69 46 23
86 36 50 37 14 91 68 45 22 89
91 27 67 43 97 74 51 28 95 72
64 15 11 82 16 93 70 47 24 91
67 49 24 57 59 36 13 80 57 34
16 45 38 75 68 45 22 99 76 53
49 48 87 49 78 55 32 19 86 63
79 66 89 73 81 58 35 12 89 66
67 97 63 13 87 64 41 18 95 72
86 91 69 73 43 20 97 74 51 28
83 91 98 50 94 71 48 25 92 69
11 56 15 31 87 64 41 18 85 62
62 57 48 75 95 72 49 26 93 70
58 24 42 83 33 10 87 64 41 18
55 15 47 93 21 98 75 52 29 96
41 20 66 26 71 48 25 92 69 46
83 83 23 97 34 11 88 65 42 19
90 13 89 89 51 28 95 72 49 26
