# Linear Ordering Problem instance (LOLIB)
# t65i11xx - 25x25 matrix
# Optimal: unknown (harder instance)
25
0 74 39 15 98 22 53 87 46 11 65 33 82 19 57 44 91 28 76 63 14 85 37 69 52
26 0 81 47 12 69 34 96 58 23 77 45 14 88 51 16 72 39 84 27 68 41 93 55 20
61 19 0 83 56 29 71 43 15 87 59 31 73 46 18 90 62 35 77 49 21 63 36 78 50
85 53 17 0 79 51 23 65 38 10 82 54 26 68 41 13 55 28 70 43 15 87 59 31 73
2 70 44 21 0 86 58 30 72 45 17 89 61 33 75 47 19 91 63 35 77 49 22 64 36
78 46 14 92 64 0 28 99 71 43 16 88 60 32 74 47 19 61 34 76 48 20 92 64 37
9 52 25 67 40 72 0 86 58 31 73 45 18 90 62 34 76 49 21 93 65 38 10 82 54
27 69 41 13 85 57 29 0 44 16 88 60 33 75 47 20 62 35 77 49 22 64 36 78 51
23 95 67 39 11 83 55 56 0 71 43 15 87 60 32 74 46 19 91 63 35 77 50 22 64
36 8 80 52 24 96 68 40 29 0 84 56 28 70 42 15 87 59 31 73 46 18 90 62 34
76 49 21 93 65 37 9 81 53 16 0 58 30 72 44 17 89 61 33 75 48 20 92 64 36
8 80 53 25 97 69 41 13 85 72 42 0 86 58 31 73 45 17 89 62 34 76 48 21 93
65 37 10 82 54 26 98 70 43 28 87 14 0 71 44 16 88 60 32 75 47 19 91 63 36
78 50 22 94 66 39 11 83 55 31 73 45 29 0 54 26 68 41 13 85 57 29 71 44 16
88 61 33 75 47 20 92 64 36 15 87 59 68 46 0 91 63 35 78 50 22 94 66 39 11
83 55 27 99 71 43 16 88 60 45 17 89 41 28 9 0 72 44 17 89 61 33 76 48 20
92 65 37 9 81 53 25 97 69 58 31 73 13 70 81 28 0 35 77 49 22 64 36 79 51
23 95 67 40 12 84 56 28 70 72 44 16 85 43 53 56 65 0 91 63 36 78 50 22 95
67 39 11 83 55 28 99 71 43 16 88 60 57 15 26 69 23 9 0 72 44 17 89 61 34
76 48 20 92 65 37 9 81 53 87 59 32 29 87 98 41 95 81 28 0 63 35 78 50 22
94 66 39 11 83 55 27 99 71 43 16 88 60 59 31 13 67 53 56 37 0 71 44 16 89
61 33 75 48 20 92 64 36 79 51 23 95 67 31 73 85 39 25 28 9 29 0 53 25 97
69 42 14 86 58 30 72 44 17 89 61 33 76 73 45 57 11 97 70 81 71 47 0 92 64
37 9 81 54 26 98 70 42 15 87 59 31 44 45 17 29 83 69 42 53 43 19 8 0 72
44 16 88 60 33 75 47 19 91 64 36 78 16 17 89 71 55 41 14 25 15 91 64 28 0
